[83787.138647] [Project1] 12204 1588092673.206137288 1588092674.185472070
[83788.895707] [Project1] 12205 1588092674.972406189 1588092675.942534523
[83790.806389] [Project1] 12206 1588092676.882217659 1588092677.853216422
[83792.670534] [Project1] 12207 1588092678.753586480 1588092679.717361854
[83794.464324] [Project1] 12208 1588092680.512058022 1588092681.511139263
[83796.286300] [Project1] 12209 1588092682.358953843 1588092683.333127487
[83798.030407] [Project1] 12210 1588092684.147336516 1588092685.077233943
[83799.872288] [Project1] 12211 1588092685.908492570 1588092686.919115860
[83801.894306] [Project1] 12212 1588092687.717225927 1588092688.941113032
[83804.567192] [Project1] 12213 1588092690.624483219 1588092691.614019001
